-0.080967,-0.302646,-0.949658,0.000000,-0.002823,0.952852,-0.303423,0.000000,0.996713,-0.021886,-0.078004,0.000000,-30.504590,-16.340600,-3.415047,1.000000
-0.081414,-0.302152,-0.949777,0.000000,-0.002392,0.952997,-0.302971,0.000000,0.996678,-0.022394,-0.078310,0.000000,-30.374370,-16.364290,-3.377940,1.000000
-0.082045,-0.301453,-0.949945,0.000000,-0.001783,0.953201,-0.302332,0.000000,0.996627,-0.023111,-0.078743,0.000000,-30.244670,-16.387490,-3.340883,1.000000
-0.082856,-0.300554,-0.950159,0.000000,-0.001001,0.953462,-0.301512,0.000000,0.996561,-0.024031,-0.079300,0.000000,-30.115490,-16.410150,-3.303897,1.000000
-0.083838,-0.299462,-0.950418,0.000000,-0.000049,0.953777,-0.300516,0.000000,0.996479,-0.025148,-0.079978,0.000000,-29.986800,-16.432280,-3.266998,1.000000
-0.084987,-0.298182,-0.950718,0.000000,0.001065,0.954142,-0.299351,0.000000,0.996381,-0.026454,-0.080772,0.000000,-29.858590,-16.453840,-3.230206,1.000000
-0.086296,-0.296719,-0.951058,0.000000,0.002339,0.954556,-0.298022,0.000000,0.996267,-0.027943,-0.081681,0.000000,-29.730840,-16.474830,-3.193539,1.000000
-0.087759,-0.295078,-0.951434,0.000000,0.003767,0.955014,-0.296536,0.000000,0.996135,-0.029607,-0.082700,0.000000,-29.603540,-16.495220,-3.157015,1.000000
-0.089369,-0.293265,-0.951845,0.000000,0.005344,0.955514,-0.294897,0.000000,0.995984,-0.031441,-0.083826,0.000000,-29.476680,-16.515010,-3.120654,1.000000
-0.091119,-0.291285,-0.952287,0.000000,0.007065,0.956052,-0.293113,0.000000,0.995815,-0.033436,-0.085057,0.000000,-29.350230,-16.534160,-3.084473,1.000000
-0.093004,-0.289143,-0.952757,0.000000,0.008927,0.956624,-0.291188,0.000000,0.995626,-0.035587,-0.086389,0.000000,-29.224180,-16.552670,-3.048492,1.000000
-0.095017,-0.286845,-0.953253,0.000000,0.010923,0.957228,-0.289129,0.000000,0.995416,-0.037885,-0.087820,0.000000,-29.098520,-16.570520,-3.012729,1.000000
-0.097151,-0.284395,-0.953772,0.000000,0.013050,0.957859,-0.286943,0.000000,0.995184,-0.040323,-0.089345,0.000000,-28.973230,-16.587680,-2.977202,1.000000
-0.099399,-0.281799,-0.954311,0.000000,0.015303,0.958514,-0.284634,0.000000,0.994930,-0.042896,-0.090963,0.000000,-28.848290,-16.604150,-2.941930,1.000000
-0.101756,-0.279061,-0.954867,0.000000,0.017677,0.959190,-0.282209,0.000000,0.994652,-0.045595,-0.092670,0.000000,-28.723700,-16.619910,-2.906932,1.000000
-0.104214,-0.276188,-0.955437,0.000000,0.020167,0.959883,-0.279673,0.000000,0.994350,-0.048414,-0.094463,0.000000,-28.599420,-16.634930,-2.872225,1.000000
-0.106767,-0.273185,-0.956018,0.000000,0.022768,0.960590,-0.277034,0.000000,0.994023,-0.051345,-0.096339,0.000000,-28.475460,-16.649200,-2.837829,1.000000
-0.109408,-0.270056,-0.956608,0.000000,0.025476,0.961308,-0.274297,0.000000,0.993670,-0.054381,-0.098295,0.000000,-28.351780,-16.662710,-2.803763,1.000000
-0.112132,-0.266808,-0.957204,0.000000,0.028286,0.962032,-0.271467,0.000000,0.993291,-0.057516,-0.100327,0.000000,-28.228390,-16.675440,-2.770044,1.000000
-0.114930,-0.263446,-0.957803,0.000000,0.031193,0.962760,-0.268552,0.000000,0.992884,-0.060741,-0.102432,0.000000,-28.105260,-16.687360,-2.736691,1.000000
-0.117797,-0.259975,-0.958403,0.000000,0.034191,0.963489,-0.265557,0.000000,0.992449,-0.064051,-0.104607,0.000000,-27.982370,-16.698470,-2.703723,1.000000
-0.120727,-0.256401,-0.959001,0.000000,0.037277,0.964215,-0.262488,0.000000,0.991986,-0.067438,-0.106849,0.000000,-27.859710,-16.708750,-2.671159,1.000000
-0.123712,-0.252730,-0.959595,0.000000,0.040443,0.964936,-0.259351,0.000000,0.991494,-0.070894,-0.109153,0.000000,-27.737260,-16.718170,-2.639016,1.000000
-0.126747,-0.248968,-0.960182,0.000000,0.043686,0.965649,-0.256152,0.000000,0.990973,-0.074413,-0.111517,0.000000,-27.615020,-16.726720,-2.607314,1.000000
-0.129825,-0.245121,-0.960761,0.000000,0.047000,0.966351,-0.252898,0.000000,0.990422,-0.077988,-0.113936,0.000000,-27.492960,-16.734390,-2.576071,1.000000
-0.132940,-0.241195,-0.961328,0.000000,0.050379,0.967039,-0.249595,0.000000,0.989843,-0.081612,-0.116407,0.000000,-27.371070,-16.741150,-2.545305,1.000000
-0.136086,-0.237196,-0.961883,0.000000,0.053819,0.967712,-0.246248,0.000000,0.989234,-0.085278,-0.118927,0.000000,-27.249320,-16.747000,-2.515035,1.000000
-0.139257,-0.233131,-0.962423,0.000000,0.057313,0.968366,-0.242863,0.000000,0.988596,-0.088980,-0.121490,0.000000,-27.127720,-16.751900,-2.485280,1.000000
-0.142446,-0.229005,-0.962946,0.000000,0.060856,0.969000,-0.239447,0.000000,0.987930,-0.092709,-0.124094,0.000000,-27.006240,-16.755850,-2.456059,1.000000
-0.145648,-0.224826,-0.963452,0.000000,0.064442,0.969613,-0.236006,0.000000,0.987235,-0.096461,-0.126734,0.000000,-26.884860,-16.758830,-2.427388,1.000000
-0.148858,-0.220601,-0.963938,0.000000,0.068066,0.970201,-0.232545,0.000000,0.986513,-0.100227,-0.129406,0.000000,-26.763570,-16.760820,-2.399288,1.000000
-0.152068,-0.216335,-0.964404,0.000000,0.071720,0.970764,-0.229071,0.000000,0.985764,-0.104002,-0.132107,0.000000,-26.642360,-16.761800,-2.371777,1.000000
-0.155274,-0.212036,-0.964847,0.000000,0.075401,0.971300,-0.225589,0.000000,0.984990,-0.107778,-0.134830,0.000000,-26.521200,-16.761760,-2.344873,1.000000
-0.158470,-0.207712,-0.965268,0.000000,0.079101,0.971809,-0.222105,0.000000,0.984190,-0.111551,-0.137572,0.000000,-26.400090,-16.760680,-2.318596,1.000000
-0.161650,-0.203368,-0.965666,0.000000,0.082814,0.972288,-0.218626,0.000000,0.983367,-0.115312,-0.140329,0.000000,-26.279010,-16.758540,-2.292962,1.000000
-0.164810,-0.199013,-0.966039,0.000000,0.086535,0.972738,-0.215156,0.000000,0.982522,-0.119056,-0.143096,0.000000,-26.157940,-16.755330,-2.267992,1.000000
-0.167945,-0.194653,-0.966387,0.000000,0.090256,0.973158,-0.211702,0.000000,0.981656,-0.122776,-0.145868,0.000000,-26.036860,-16.751030,-2.243703,1.000000
-0.171048,-0.190297,-0.966711,0.000000,0.093972,0.973547,-0.208269,0.000000,0.980771,-0.126468,-0.148640,0.000000,-25.915770,-16.745610,-2.220114,1.000000
-0.174115,-0.185950,-0.967009,0.000000,0.097676,0.973905,-0.204864,0.000000,0.979869,-0.130124,-0.151409,0.000000,-25.794640,-16.739070,-2.197244,1.000000
-0.177142,-0.181623,-0.967282,0.000000,0.101363,0.974232,-0.201491,0.000000,0.978952,-0.133739,-0.154168,0.000000,-25.673460,-16.731380,-2.175111,1.000000
-0.180124,-0.177321,-0.967529,0.000000,0.105024,0.974528,-0.198155,0.000000,0.978021,-0.137306,-0.156913,0.000000,-25.552210,-16.722530,-2.153734,1.000000
-0.183056,-0.173052,-0.967752,0.000000,0.108655,0.974793,-0.194864,0.000000,0.977080,-0.140822,-0.159638,0.000000,-25.430890,-16.712510,-2.133131,1.000000
-0.185933,-0.168825,-0.967950,0.000000,0.112247,0.975029,-0.191621,0.000000,0.976130,-0.144279,-0.162340,0.000000,-25.309460,-16.701290,-2.113321,1.000000
-0.188752,-0.164647,-0.968124,0.000000,0.115796,0.975235,-0.188433,0.000000,0.975174,-0.147672,-0.165012,0.000000,-25.187930,-16.688860,-2.094322,1.000000
-0.191508,-0.160527,-0.968275,0.000000,0.119294,0.975413,-0.185304,0.000000,0.974214,-0.150996,-0.167650,0.000000,-25.066260,-16.675190,-2.076153,1.000000
-0.194198,-0.156471,-0.968403,0.000000,0.122734,0.975564,-0.182240,0.000000,0.973254,-0.154246,-0.170248,0.000000,-24.944450,-16.660280,-2.058833,1.000000
-0.196817,-0.152489,-0.968509,0.000000,0.126110,0.975688,-0.179246,0.000000,0.972296,-0.157417,-0.172801,0.000000,-24.822490,-16.644110,-2.042379,1.000000
-0.199361,-0.148587,-0.968595,0.000000,0.129415,0.975787,-0.176327,0.000000,0.971343,-0.160503,-0.175304,0.000000,-24.700350,-16.626660,-2.026812,1.000000
-0.201827,-0.144776,-0.968662,0.000000,0.132642,0.975863,-0.173489,0.000000,0.970398,-0.163500,-0.177752,0.000000,-24.578010,-16.607900,-2.012148,1.000000
-0.204210,-0.141061,-0.968710,0.000000,0.135785,0.975916,-0.170735,0.000000,0.969464,-0.166402,-0.180138,0.000000,-24.455480,-16.587830,-1.998407,1.000000
-0.206509,-0.137452,-0.968742,0.000000,0.138838,0.975949,-0.168071,0.000000,0.968544,-0.169206,-0.182458,0.000000,-24.332720,-16.566430,-1.985607,1.000000
-0.208718,-0.133957,-0.968758,0.000000,0.141792,0.975963,-0.165502,0.000000,0.967642,-0.171905,-0.184707,0.000000,-24.209720,-16.543680,-1.973767,1.000000
-0.210835,-0.130583,-0.968760,0.000000,0.144642,0.975961,-0.163033,0.000000,0.966761,-0.174497,-0.186879,0.000000,-24.086470,-16.519560,-1.962905,1.000000
-0.212856,-0.127339,-0.968750,0.000000,0.147381,0.975943,-0.160668,0.000000,0.965904,-0.176975,-0.188968,0.000000,-23.962950,-16.494060,-1.953040,1.000000
-0.214778,-0.124234,-0.968729,0.000000,0.150002,0.975912,-0.158412,0.000000,0.965075,-0.179335,-0.190969,0.000000,-23.839150,-16.467150,-1.944191,1.000000
-0.216598,-0.121274,-0.968699,0.000000,0.152499,0.975871,-0.156270,0.000000,0.964277,-0.181574,-0.192877,0.000000,-23.715050,-16.438830,-1.936375,1.000000
-0.218312,-0.118469,-0.968661,0.000000,0.154865,0.975820,-0.154247,0.000000,0.963513,-0.183685,-0.194687,0.000000,-23.590630,-16.409070,-1.929612,1.000000
-0.219918,-0.115826,-0.968618,0.000000,0.157092,0.975762,-0.152347,0.000000,0.962787,-0.185666,-0.196392,0.000000,-23.465880,-16.377860,-1.923921,1.000000
-0.221412,-0.113354,-0.968570,0.000000,0.159176,0.975700,-0.150576,0.000000,0.962102,-0.187512,-0.197989,0.000000,-23.340790,-16.345180,-1.919318,1.000000
-0.222792,-0.111060,-0.968519,0.000000,0.161108,0.975634,-0.148936,0.000000,0.961462,-0.189218,-0.199470,0.000000,-23.215330,-16.311010,-1.915824,1.000000
-0.224053,-0.108953,-0.968468,0.000000,0.162882,0.975568,-0.147434,0.000000,0.960869,-0.190779,-0.200832,0.000000,-23.089500,-16.275330,-1.913456,1.000000
-0.225193,-0.107040,-0.968417,0.000000,0.164492,0.975502,-0.146074,0.000000,0.960328,-0.192192,-0.202069,0.000000,-22.963280,-16.238130,-1.912234,1.000000
-0.226208,-0.105330,-0.968368,0.000000,0.165932,0.975439,-0.144860,0.000000,0.959842,-0.193451,-0.203174,0.000000,-22.836640,-16.199400,-1.912175,1.000000
-0.227095,-0.103830,-0.968322,0.000000,0.167194,0.975381,-0.143798,0.000000,0.959413,-0.194553,-0.204145,0.000000,-22.709580,-16.159110,-1.913299,1.000000
-0.227851,-0.102548,-0.968281,0.000000,0.168272,0.975329,-0.142891,0.000000,0.959045,-0.195493,-0.204974,0.000000,-22.582080,-16.117240,-1.915623,1.000000
-0.228472,-0.101492,-0.968246,0.000000,0.169160,0.975284,-0.142146,0.000000,0.958741,-0.196265,-0.205657,0.000000,-22.454130,-16.073790,-1.919167,1.000000
-0.228955,-0.100670,-0.968218,0.000000,0.169852,0.975248,-0.141566,0.000000,0.958504,-0.196865,-0.206189,0.000000,-22.325710,-16.028730,-1.923949,1.000000
-0.229296,-0.100089,-0.968197,0.000000,0.170340,0.975223,-0.141157,0.000000,0.958336,-0.197289,-0.206565,0.000000,-22.196800,-15.982040,-1.929987,1.000000
-0.229490,-0.099758,-0.968185,0.000000,0.170619,0.975208,-0.140923,0.000000,0.958240,-0.197531,-0.206780,0.000000,-22.067380,-15.933710,-1.937301,1.000000
-0.229537,-0.099677,-0.968182,0.000000,0.170687,0.975204,-0.140866,0.000000,0.958216,-0.197590,-0.206832,0.000000,-21.965010,-15.894440,-1.943977,1.000000
-0.229364,-0.099423,-0.968250,0.000000,0.170706,0.975242,-0.140579,0.000000,0.958255,-0.197530,-0.206713,0.000000,-21.836390,-15.847010,-1.952378,1.000000
-0.228850,-0.098673,-0.968448,0.000000,0.170765,0.975354,-0.139729,0.000000,0.958367,-0.197354,-0.206360,0.000000,-21.710660,-15.805570,-1.959634,1.000000
-0.228005,-0.097440,-0.968772,0.000000,0.170859,0.975536,-0.138333,0.000000,0.958551,-0.197064,-0.205779,0.000000,-21.587770,-15.769990,-1.965772,1.000000
-0.226839,-0.095738,-0.969215,0.000000,0.170988,0.975785,-0.136405,0.000000,0.958805,-0.196666,-0.204976,0.000000,-21.467640,-15.740130,-1.970819,1.000000
-0.225361,-0.093580,-0.969771,0.000000,0.171147,0.976096,-0.133962,0.000000,0.959125,-0.196164,-0.203958,0.000000,-21.350210,-15.715860,-1.974803,1.000000
-0.223580,-0.090979,-0.970430,0.000000,0.171335,0.976462,-0.131019,0.000000,0.959508,-0.195561,-0.202730,0.000000,-21.235420,-15.697050,-1.977749,1.000000
-0.221506,-0.087949,-0.971185,0.000000,0.171546,0.976879,-0.127590,0.000000,0.959952,-0.194865,-0.201297,0.000000,-21.123220,-15.683550,-1.979686,1.000000
-0.219146,-0.084502,-0.972026,0.000000,0.171777,0.977340,-0.123691,0.000000,0.960452,-0.194078,-0.199665,0.000000,-21.013540,-15.675240,-1.980640,1.000000
-0.216511,-0.080651,-0.972943,0.000000,0.172023,0.977838,-0.119338,0.000000,0.961005,-0.193207,-0.197839,0.000000,-20.906310,-15.671980,-1.980639,1.000000
-0.213609,-0.076410,-0.973926,0.000000,0.172281,0.978365,-0.114544,0.000000,0.961608,-0.192257,-0.195823,0.000000,-20.801470,-15.673640,-1.979709,1.000000
-0.210449,-0.071791,-0.974965,0.000000,0.172545,0.978916,-0.109326,0.000000,0.962257,-0.191233,-0.193624,0.000000,-20.698970,-15.680080,-1.977877,1.000000
-0.207039,-0.066807,-0.976049,0.000000,0.172811,0.979481,-0.103698,0.000000,0.962949,-0.190142,-0.191246,0.000000,-20.598740,-15.691170,-1.975171,1.000000
-0.203391,-0.061471,-0.977166,0.000000,0.173074,0.980054,-0.097676,0.000000,0.963679,-0.188988,-0.188695,0.000000,-20.500720,-15.706780,-1.971618,1.000000
-0.199511,-0.055795,-0.978306,0.000000,0.173328,0.980626,-0.091275,0.000000,0.964444,-0.187778,-0.185974,0.000000,-20.404850,-15.726770,-1.967244,1.000000
-0.195409,-0.049794,-0.979457,0.000000,0.173568,0.981189,-0.084510,0.000000,0.965241,-0.186517,-0.183091,0.000000,-20.311060,-15.751000,-1.962078,1.000000
-0.191095,-0.043480,-0.980608,0.000000,0.173791,0.981736,-0.077397,0.000000,0.966064,-0.185211,-0.180049,0.000000,-20.219290,-15.779350,-1.956145,1.000000
-0.186578,-0.036867,-0.981748,0.000000,0.173990,0.982260,-0.069952,0.000000,0.966911,-0.183866,-0.176854,0.000000,-20.129480,-15.811670,-1.949472,1.000000
-0.181868,-0.029969,-0.982866,0.000000,0.174160,0.982751,-0.062191,0.000000,0.967777,-0.182487,-0.173512,0.000000,-20.041570,-15.847840,-1.942088,1.000000
-0.176974,-0.022799,-0.983951,0.000000,0.174298,0.983204,-0.054131,0.000000,0.968659,-0.181081,-0.170027,0.000000,-19.955510,-15.887720,-1.934019,1.000000
-0.171906,-0.015372,-0.984993,0.000000,0.174399,0.983610,-0.045788,0.000000,0.969553,-0.179653,-0.166408,0.000000,-19.871210,-15.931180,-1.925292,1.000000
-0.166675,-0.007703,-0.985982,0.000000,0.174457,0.983963,-0.037178,0.000000,0.970456,-0.178209,-0.162658,0.000000,-19.788630,-15.978080,-1.915934,1.000000
-0.161290,0.000195,-0.986907,0.000000,0.174470,0.984255,-0.028319,0.000000,0.971363,-0.176753,-0.158784,0.000000,-19.707700,-16.028280,-1.905972,1.000000
-0.155761,0.008305,-0.987760,0.000000,0.174433,0.984481,-0.019229,0.000000,0.972271,-0.175293,-0.154793,0.000000,-19.628360,-16.081660,-1.895434,1.000000
-0.150100,0.016614,-0.988531,0.000000,0.174341,0.984635,-0.009924,0.000000,0.973178,-0.173832,-0.150690,0.000000,-19.550540,-16.138080,-1.884345,1.000000
-0.144317,0.025105,-0.989213,0.000000,0.174193,0.984711,-0.000423,0.000000,0.974079,-0.172375,-0.146484,0.000000,-19.474190,-16.197400,-1.872735,1.000000
-0.138423,0.033762,-0.989798,0.000000,0.173985,0.984705,0.009257,0.000000,0.974971,-0.170929,-0.142180,0.000000,-19.399250,-16.259490,-1.860628,1.000000
-0.132428,0.042571,-0.990278,0.000000,0.173715,0.984611,0.019096,0.000000,0.975851,-0.169497,-0.137785,0.000000,-19.325650,-16.324230,-1.848053,1.000000
-0.126344,0.051514,-0.990648,0.000000,0.173379,0.984426,0.029078,0.000000,0.976717,-0.168084,-0.133308,0.000000,-19.253320,-16.391460,-1.835037,1.000000
-0.120183,0.060575,-0.990902,0.000000,0.172977,0.984146,0.039182,0.000000,0.977566,-0.166694,-0.128755,0.000000,-19.182210,-16.461060,-1.821606,1.000000
-0.113954,0.069738,-0.991035,0.000000,0.172506,0.983769,0.049391,0.000000,0.978395,-0.165331,-0.124135,0.000000,-19.112260,-16.532900,-1.807788,1.000000
-0.107671,0.078986,-0.991044,0.000000,0.171966,0.983293,0.059685,0.000000,0.979201,-0.164000,-0.119455,0.000000,-19.043400,-16.606830,-1.793610,1.000000
-0.101344,0.088302,-0.990925,0.000000,0.171356,0.982716,0.070046,0.000000,0.979983,-0.162702,-0.114723,0.000000,-18.975580,-16.682730,-1.779099,1.000000
-0.094985,0.097670,-0.990676,0.000000,0.170676,0.982037,0.080454,0.000000,0.980738,-0.161443,-0.109948,0.000000,-18.908720,-16.760470,-1.764281,1.000000
-0.088605,0.107072,-0.990295,0.000000,0.169926,0.981256,0.090891,0.000000,0.981465,-0.160224,-0.105138,0.000000,-18.842770,-16.839900,-1.749184,1.000000
-0.082215,0.116492,-0.989783,0.000000,0.169107,0.980374,0.101338,0.000000,0.982163,-0.159048,-0.100302,0.000000,-18.777670,-16.920890,-1.733835,1.000000
-0.075829,0.125912,-0.989139,0.000000,0.168220,0.979392,0.111775,0.000000,0.982829,-0.157918,-0.095447,0.000000,-18.713350,-17.003310,-1.718262,1.000000
-0.069456,0.135316,-0.988365,0.000000,0.167267,0.978311,0.122185,0.000000,0.983462,-0.156835,-0.090584,0.000000,-18.649750,-17.087030,-1.702490,1.000000
-0.063109,0.144686,-0.987463,0.000000,0.166250,0.977135,0.132547,0.000000,0.984062,-0.155801,-0.085720,0.000000,-18.586810,-17.171910,-1.686548,1.000000
-0.056799,0.154005,-0.986436,0.000000,0.165171,0.975866,0.142844,0.000000,0.984628,-0.154818,-0.080866,0.000000,-18.524470,-17.257820,-1.670462,1.000000
-0.050537,0.163257,-0.985288,0.000000,0.164034,0.974508,0.153058,0.000000,0.985159,-0.153886,-0.076028,0.000000,-18.462670,-17.344620,-1.654259,1.000000
-0.044334,0.172426,-0.984024,0.000000,0.162842,0.973066,0.163169,0.000000,0.985656,-0.153007,-0.071218,0.000000,-18.401340,-17.432170,-1.637967,1.000000
-0.038202,0.181495,-0.982650,0.000000,0.161599,0.971546,0.173161,0.000000,0.986117,-0.152180,-0.066444,0.000000,-18.340420,-17.520360,-1.621612,1.000000
-0.032151,0.190447,-0.981171,0.000000,0.160309,0.969952,0.183016,0.000000,0.986543,-0.151406,-0.061715,0.000000,-18.279850,-17.609030,-1.605222,1.000000
-0.026192,0.199266,-0.979595,0.000000,0.158976,0.968291,0.192716,0.000000,0.986935,-0.150685,-0.057040,0.000000,-18.219570,-17.698050,-1.588823,1.000000
-0.020335,0.207938,-0.977931,0.000000,0.157607,0.966570,0.202245,0.000000,0.987293,-0.150016,-0.052428,0.000000,-18.159520,-17.787300,-1.572442,1.000000
-0.014592,0.216446,-0.976186,0.000000,0.156206,0.964796,0.211585,0.000000,0.987617,-0.149398,-0.047888,0.000000,-18.099630,-17.876640,-1.556108,1.000000
-0.008971,0.224774,-0.974370,0.000000,0.154778,0.962978,0.220721,0.000000,0.987909,-0.148831,-0.043429,0.000000,-18.039850,-17.965930,-1.539846,1.000000
-0.003484,0.232909,-0.972492,0.000000,0.153330,0.961123,0.229637,0.000000,0.988169,-0.148312,-0.039060,0.000000,-17.980100,-18.055030,-1.523684,1.000000
0.001861,0.240835,-0.970564,0.000000,0.151869,0.959240,0.238316,0.000000,0.988399,-0.147842,-0.034791,0.000000,-17.920330,-18.143830,-1.507648,1.000000
0.007053,0.248538,-0.968596,0.000000,0.150400,0.957339,0.246744,0.000000,0.988600,-0.147417,-0.030628,0.000000,-17.860480,-18.232170,-1.491767,1.000000
0.012083,0.256004,-0.966600,0.000000,0.148930,0.955428,0.254907,0.000000,0.988774,-0.147036,-0.026582,0.000000,-17.800480,-18.319930,-1.476067,1.000000
0.016943,0.263219,-0.964587,0.000000,0.147466,0.953518,0.262788,0.000000,0.988922,-0.146697,-0.022661,0.000000,-17.740280,-18.406980,-1.460574,1.000000
0.021623,0.270169,-0.962570,0.000000,0.146016,0.951618,0.270375,0.000000,0.989046,-0.146397,-0.018873,0.000000,-17.679810,-18.493170,-1.445317,1.000000
0.026114,0.276842,-0.960561,0.000000,0.144586,0.949739,0.277653,0.000000,0.989148,-0.146134,-0.015226,0.000000,-17.619000,-18.578380,-1.430322,1.000000
0.030408,0.283223,-0.958572,0.000000,0.143184,0.947890,0.284609,0.000000,0.989229,-0.145907,-0.011730,0.000000,-17.557800,-18.662460,-1.415616,1.000000
0.034496,0.289301,-0.956616,0.000000,0.141817,0.946083,0.291230,0.000000,0.989292,-0.145711,-0.008392,0.000000,-17.496150,-18.745290,-1.401227,1.000000
0.038370,0.295063,-0.954707,0.000000,0.140493,0.944328,0.297501,0.000000,0.989338,-0.145545,-0.005220,0.000000,-17.433980,-18.826740,-1.387181,1.000000
0.042022,0.300495,-0.952857,0.000000,0.139218,0.942635,0.303411,0.000000,0.989370,-0.145405,-0.002223,0.000000,-17.371230,-18.906660,-1.373505,1.000000
0.045444,0.305587,-0.951079,0.000000,0.138001,0.941014,0.308947,0.000000,0.989389,-0.145289,0.000593,0.000000,-17.307830,-18.984920,-1.360227,1.000000
0.048628,0.310326,-0.949386,0.000000,0.136848,0.939476,0.314096,0.000000,0.989398,-0.145195,0.003218,0.000000,-17.243740,-19.061400,-1.347373,1.000000
0.051566,0.314700,-0.947790,0.000000,0.135767,0.938032,0.318846,0.000000,0.989398,-0.145120,0.005645,0.000000,-17.178880,-19.135940,-1.334971,1.000000
0.054250,0.318696,-0.946303,0.000000,0.134765,0.936691,0.323184,0.000000,0.989391,-0.145061,0.007866,0.000000,-17.113190,-19.208430,-1.323047,1.000000
0.056672,0.322302,-0.944939,0.000000,0.133848,0.935463,0.327098,0.000000,0.989380,-0.145015,0.009875,0.000000,-17.046620,-19.278730,-1.311630,1.000000
0.058824,0.325508,-0.943708,0.000000,0.133024,0.934358,0.330575,0.000000,0.989366,-0.144981,0.011662,0.000000,-16.979090,-19.346700,-1.300745,1.000000
0.060698,0.328300,-0.942621,0.000000,0.132299,0.933385,0.333602,0.000000,0.989350,-0.144957,0.013221,0.000000,-16.910550,-19.412200,-1.290420,1.000000
0.062285,0.330665,-0.941690,0.000000,0.131679,0.932552,0.336166,0.000000,0.989334,-0.144939,0.014543,0.000000,-16.840940,-19.475110,-1.280681,1.000000
0.063579,0.332593,-0.940925,0.000000,0.131171,0.931868,0.338255,0.000000,0.989319,-0.144928,0.015620,0.000000,-16.770180,-19.535300,-1.271557,1.000000
0.064569,0.334069,-0.940334,0.000000,0.130779,0.931341,0.339854,0.000000,0.989307,-0.144920,0.016447,0.000000,-16.698230,-19.592610,-1.263074,1.000000
0.065248,0.335081,-0.939927,0.000000,0.130509,0.930978,0.340951,0.000000,0.989298,-0.144916,0.017014,0.000000,-16.625020,-19.646930,-1.255259,1.000000
0.065607,0.335616,-0.939712,0.000000,0.130366,0.930786,0.341530,0.000000,0.989293,-0.144914,0.017313,0.000000,-16.550490,-19.698110,-1.248139,1.000000
0.065665,0.335702,-0.939677,0.000000,0.130343,0.930755,0.341623,0.000000,0.989292,-0.144913,0.017361,0.000000,-16.506000,-19.726710,-1.244286,1.000000
0.065594,0.335331,-0.939814,0.000000,0.130254,0.930906,0.341244,0.000000,0.989309,-0.144798,0.017384,0.000000,-16.430040,-19.773930,-1.237434,1.000000
0.065387,0.334232,-0.940220,0.000000,0.129988,0.931355,0.340120,0.000000,0.989357,-0.144457,0.017452,0.000000,-16.354260,-19.820350,-1.229565,1.000000
0.065045,0.332425,-0.940884,0.000000,0.129551,0.932088,0.338273,0.000000,0.989437,-0.143895,0.017562,0.000000,-16.278640,-19.865960,-1.220712,1.000000
0.064576,0.329928,-0.941795,0.000000,0.128946,0.933094,0.335721,0.000000,0.989547,-0.143120,0.017712,0.000000,-16.203190,-19.910750,-1.210906,1.000000
0.063983,0.326759,-0.942939,0.000000,0.128178,0.934358,0.332483,0.000000,0.989685,-0.142137,0.017900,0.000000,-16.127920,-19.954740,-1.200178,1.000000
0.063273,0.322936,-0.944303,0.000000,0.127249,0.935866,0.328577,0.000000,0.989851,-0.140952,0.018121,0.000000,-16.052820,-19.997910,-1.188561,1.000000
0.062450,0.318476,-0.945872,0.000000,0.126164,0.937600,0.324021,0.000000,0.990042,-0.139570,0.018373,0.000000,-15.977900,-20.040280,-1.176086,1.000000
0.061521,0.313395,-0.947628,0.000000,0.124925,0.939543,0.318831,0.000000,0.990257,-0.137997,0.018650,0.000000,-15.903160,-20.081830,-1.162785,1.000000
0.060491,0.307709,-0.949556,0.000000,0.123535,0.941676,0.313025,0.000000,0.990495,-0.136239,0.018950,0.000000,-15.828600,-20.122570,-1.148689,1.000000
0.059368,0.301433,-0.951637,0.000000,0.121998,0.943982,0.306619,0.000000,0.990753,-0.134301,0.019268,0.000000,-15.754220,-20.162500,-1.133831,1.000000
0.058157,0.294585,-0.953854,0.000000,0.120315,0.946439,0.299630,0.000000,0.991031,-0.132189,0.019599,0.000000,-15.680020,-20.201620,-1.118240,1.000000
0.056864,0.287179,-0.956188,0.000000,0.118490,0.949027,0.292075,0.000000,0.991326,-0.129907,0.019937,0.000000,-15.606010,-20.239930,-1.101950,1.000000
0.055497,0.279232,-0.958619,0.000000,0.116526,0.951726,0.283971,0.000000,0.991636,-0.127463,0.020280,0.000000,-15.532180,-20.277420,-1.084992,1.000000
0.054062,0.270760,-0.961128,0.000000,0.114424,0.954515,0.275334,0.000000,0.991960,-0.124861,0.020621,0.000000,-15.458540,-20.314110,-1.067398,1.000000
0.052566,0.261780,-0.963695,0.000000,0.112189,0.957372,0.266182,0.000000,0.992296,-0.122108,0.020956,0.000000,-15.385090,-20.349980,-1.049199,1.000000
0.051016,0.252308,-0.966301,0.000000,0.109823,0.960276,0.256533,0.000000,0.992641,-0.119209,0.021280,0.000000,-15.311830,-20.385030,-1.030427,1.000000
0.049418,0.242363,-0.968926,0.000000,0.107328,0.963205,0.246406,0.000000,0.992995,-0.116170,0.021587,0.000000,-15.238760,-20.419270,-1.011114,1.000000
0.047780,0.231962,-0.971551,0.000000,0.104709,0.966139,0.235819,0.000000,0.993354,-0.112998,0.021874,0.000000,-15.165880,-20.452700,-0.991290,1.000000
0.046109,0.221123,-0.974155,0.000000,0.101969,0.969057,0.224792,0.000000,0.993718,-0.109699,0.022135,0.000000,-15.093200,-20.485320,-0.970989,1.000000
0.044412,0.209867,-0.976721,0.000000,0.099112,0.971936,0.213346,0.000000,0.994085,-0.106280,0.022365,0.000000,-15.020720,-20.517120,-0.950241,1.000000
0.042694,0.198213,-0.979229,0.000000,0.096141,0.974759,0.201500,0.000000,0.994452,-0.102747,0.022560,0.000000,-14.948430,-20.548100,-0.929079,1.000000
0.040964,0.186182,-0.981661,0.000000,0.093060,0.977504,0.189277,0.000000,0.994817,-0.099107,0.022717,0.000000,-14.876340,-20.578270,-0.907533,1.000000
0.039228,0.173797,-0.984000,0.000000,0.089874,0.980153,0.176700,0.000000,0.995180,-0.095368,0.022829,0.000000,-14.804460,-20.607630,-0.885636,1.000000
0.037492,0.161078,-0.986229,0.000000,0.086589,0.982688,0.163791,0.000000,0.995538,-0.091537,0.022895,0.000000,-14.732780,-20.636170,-0.863419,1.000000
0.035762,0.148049,-0.988333,0.000000,0.083207,0.985091,0.150574,0.000000,0.995890,-0.087621,0.022910,0.000000,-14.661300,-20.663890,-0.840913,1.000000
0.034045,0.134735,-0.990297,0.000000,0.079736,0.987346,0.137074,0.000000,0.996234,-0.083629,0.022871,0.000000,-14.590030,-20.690810,-0.818152,1.000000
0.032347,0.121159,-0.992106,0.000000,0.076180,0.989439,0.123317,0.000000,0.996569,-0.079567,0.022776,0.000000,-14.518960,-20.716900,-0.795165,1.000000
0.030674,0.107347,-0.993748,0.000000,0.072545,0.991355,0.109328,0.000000,0.996893,-0.075445,0.022621,0.000000,-14.448110,-20.742170,-0.771985,1.000000
0.029030,0.093325,-0.995212,0.000000,0.068838,0.993082,0.095134,0.000000,0.997205,-0.071270,0.022405,0.000000,-14.377460,-20.766630,-0.748644,1.000000
0.027421,0.079121,-0.996488,0.000000,0.065064,0.994608,0.080762,0.000000,0.997504,-0.067051,0.022125,0.000000,-14.307030,-20.790280,-0.725172,1.000000
0.025852,0.064759,-0.997566,0.000000,0.061232,0.995923,0.066240,0.000000,0.997789,-0.062795,0.021782,0.000000,-14.236810,-20.813100,-0.701603,1.000000
0.024328,0.050270,-0.998439,0.000000,0.057346,0.997020,0.051596,0.000000,0.998058,-0.058512,0.021372,0.000000,-14.166810,-20.835110,-0.677967,1.000000
0.022852,0.035680,-0.999102,0.000000,0.053415,0.997892,0.036858,0.000000,0.998311,-0.054209,0.020898,0.000000,-14.097020,-20.856300,-0.654295,1.000000
0.021427,0.021018,-0.999549,0.000000,0.049446,0.998533,0.022056,0.000000,0.998547,-0.049896,0.020357,0.000000,-14.027450,-20.876670,-0.630621,1.000000
0.020059,0.006312,-0.999779,0.000000,0.045447,0.998941,0.007219,0.000000,0.998765,-0.045581,0.019751,0.000000,-13.958100,-20.896230,-0.606974,1.000000
0.018749,-0.008408,-0.999789,0.000000,0.041424,0.999113,-0.007625,0.000000,0.998966,-0.041273,0.019080,0.000000,-13.888970,-20.914960,-0.583388,1.000000
0.017499,-0.023114,-0.999580,0.000000,0.037387,0.999049,-0.022447,0.000000,0.999148,-0.036979,0.018347,0.000000,-13.820060,-20.932880,-0.559894,1.000000
0.016313,-0.037776,-0.999153,0.000000,0.033344,0.998751,-0.037217,0.000000,0.999311,-0.032708,0.017552,0.000000,-13.751380,-20.949980,-0.536523,1.000000
0.015191,-0.052367,-0.998512,0.000000,0.029301,0.998222,-0.051906,0.000000,0.999455,-0.028469,0.016698,0.000000,-13.682930,-20.966260,-0.513306,1.000000
0.014135,-0.066858,-0.997662,0.000000,0.025269,0.997467,-0.066487,0.000000,0.999581,-0.024270,0.015788,0.000000,-13.614700,-20.981710,-0.490277,1.000000
0.013146,-0.081220,-0.996610,0.000000,0.021254,0.996493,-0.080930,0.000000,0.999688,-0.020118,0.014826,0.000000,-13.546700,-20.996350,-0.467465,1.000000
0.012223,-0.095425,-0.995362,0.000000,0.017265,0.995308,-0.095208,0.000000,0.999776,-0.016021,0.013813,0.000000,-13.478930,-21.010170,-0.444904,1.000000
0.011367,-0.109447,-0.993928,0.000000,0.013311,0.993920,-0.109294,0.000000,0.999847,-0.011987,0.012755,0.000000,-13.411390,-21.023170,-0.422624,1.000000
0.010578,-0.123258,-0.992318,0.000000,0.009399,0.992342,-0.123160,0.000000,0.999900,-0.008024,0.011656,0.000000,-13.344090,-21.035340,-0.400657,1.000000
0.009855,-0.136831,-0.990545,0.000000,0.005538,0.990586,-0.136781,0.000000,0.999936,-0.004138,0.010520,0.000000,-13.277020,-21.046700,-0.379036,1.000000
0.009196,-0.150141,-0.988622,0.000000,0.001737,0.988665,-0.150131,0.000000,0.999956,-0.000336,0.009352,0.000000,-13.210190,-21.057240,-0.357791,1.000000
0.008599,-0.163163,-0.986562,0.000000,-0.001998,0.986593,-0.163185,0.000000,0.999961,0.003374,0.008158,0.000000,-13.143590,-21.066950,-0.336953,1.000000
0.008064,-0.175872,-0.984380,0.000000,-0.005657,0.984388,-0.175920,0.000000,0.999951,0.006988,0.006943,0.000000,-13.077240,-21.075840,-0.316556,1.000000
0.007587,-0.188245,-0.982093,0.000000,-0.009234,0.982066,-0.188311,0.000000,0.999929,0.010497,0.005713,0.000000,-13.011120,-21.083910,-0.296631,1.000000
0.007166,-0.200258,-0.979717,0.000000,-0.012720,0.979645,-0.200337,0.000000,0.999893,0.013898,0.004473,0.000000,-12.945250,-21.091150,-0.277208,1.000000
0.006798,-0.211890,-0.977270,0.000000,-0.016108,0.977142,-0.211975,0.000000,0.999847,0.017183,0.003230,0.000000,-12.879630,-21.097580,-0.258320,1.000000
0.006481,-0.223119,-0.974770,0.000000,-0.019390,0.974579,-0.223204,0.000000,0.999791,0.020347,0.001990,0.000000,-12.814250,-21.103180,-0.239999,1.000000
0.006211,-0.233924,-0.972235,0.000000,-0.022559,0.971974,-0.234005,0.000000,0.999726,0.023386,0.000760,0.000000,-12.749110,-21.107960,-0.222276,1.000000
0.005984,-0.244284,-0.969685,0.000000,-0.025608,0.969347,-0.244357,0.000000,0.999654,0.026294,-0.000455,0.000000,-12.684230,-21.111910,-0.205182,1.000000
0.005797,-0.254181,-0.967139,0.000000,-0.028530,0.966720,-0.254242,0.000000,0.999576,0.029066,-0.001647,0.000000,-12.619590,-21.115040,-0.188750,1.000000
0.005647,-0.263596,-0.964617,0.000000,-0.031318,0.964112,-0.263641,0.000000,0.999494,0.031698,-0.002811,0.000000,-12.555210,-21.117350,-0.173011,1.000000
0.005530,-0.272509,-0.962137,0.000000,-0.033965,0.961546,-0.272537,0.000000,0.999408,0.034186,-0.003939,0.000000,-12.491080,-21.118830,-0.157997,1.000000
0.005441,-0.280904,-0.959720,0.000000,-0.036466,0.959041,-0.280912,0.000000,0.999320,0.036525,-0.005025,0.000000,-12.427210,-21.119490,-0.143739,1.000000
0.005378,-0.288762,-0.957386,0.000000,-0.038812,0.956618,-0.288749,0.000000,0.999232,0.038711,-0.006063,0.000000,-12.363590,-21.119320,-0.130269,1.000000
0.005337,-0.296067,-0.955152,0.000000,-0.040999,0.954298,-0.296031,0.000000,0.999145,0.040740,-0.007045,0.000000,-12.300240,-21.118330,-0.117619,1.000000
0.005313,-0.302801,-0.953039,0.000000,-0.043020,0.952101,-0.302743,0.000000,0.999060,0.042608,-0.007967,0.000000,-12.237140,-21.116510,-0.105820,1.000000
0.005305,-0.308947,-0.951064,0.000000,-0.044868,0.950046,-0.308867,0.000000,0.998979,0.044311,-0.008822,0.000000,-12.174300,-21.113870,-0.094905,1.000000
0.005307,-0.314489,-0.949246,0.000000,-0.046538,0.948153,-0.314387,0.000000,0.998902,0.045844,-0.009604,0.000000,-12.111720,-21.110400,-0.084903,1.000000
0.005317,-0.319410,-0.947602,0.000000,-0.048023,0.946440,-0.319287,0.000000,0.998832,0.047204,-0.010307,0.000000,-12.049410,-21.106110,-0.075848,1.000000
0.005332,-0.323692,-0.946148,0.000000,-0.049317,0.944925,-0.323551,0.000000,0.998769,0.048386,-0.010925,0.000000,-11.987370,-21.100980,-0.067772,1.000000
0.005350,-0.327318,-0.944899,0.000000,-0.050414,0.943623,-0.327161,0.000000,0.998714,0.049387,-0.011453,0.000000,-11.925590,-21.095040,-0.060704,1.000000
0.005367,-0.330270,-0.943871,0.000000,-0.051309,0.942551,-0.330100,0.000000,0.998668,0.050201,-0.011887,0.000000,-11.864080,-21.088260,-0.054678,1.000000
0.005382,-0.332530,-0.943077,0.000000,-0.051994,0.941722,-0.332349,0.000000,0.998633,0.050823,-0.012221,0.000000,-11.802840,-21.080660,-0.049725,1.000000
0.005393,-0.334079,-0.942530,0.000000,-0.052464,0.941151,-0.333891,0.000000,0.998608,0.051250,-0.012451,0.000000,-11.741880,-21.072230,-0.045876,1.000000
0.005400,-0.334897,-0.942239,0.000000,-0.052713,0.940848,-0.334705,0.000000,0.998595,0.051475,-0.012573,0.000000,-11.681180,-21.062970,-0.043164,1.000000
0.005401,-0.335029,-0.942192,0.000000,-0.052752,0.940799,-0.334835,0.000000,0.998593,0.051511,-0.012592,0.000000,-11.645610,-21.057140,-0.042112,1.000000
0.004574,-0.334423,-0.942412,0.000000,-0.053183,0.941007,-0.334183,0.000000,0.998574,0.051649,-0.013482,0.000000,-11.584180,-21.047590,-0.041008,1.000000
0.002119,-0.332627,-0.943056,0.000000,-0.054459,0.941620,-0.332243,0.000000,0.998514,0.052062,-0.016119,0.000000,-11.520730,-21.039190,-0.040589,1.000000
-0.001932,-0.329666,-0.944096,0.000000,-0.056550,0.942623,-0.329036,0.000000,0.998398,0.052753,-0.020464,0.000000,-11.455360,-21.031860,-0.040872,1.000000
-0.007559,-0.325560,-0.945491,0.000000,-0.059425,0.943993,-0.324570,0.000000,0.998204,0.053732,-0.026482,0.000000,-11.388140,-21.025530,-0.041875,1.000000
-0.014747,-0.320327,-0.947192,0.000000,-0.063051,0.945708,-0.318843,0.000000,0.997901,0.055019,-0.034143,0.000000,-11.319170,-21.020100,-0.043613,1.000000
-0.023491,-0.313977,-0.949140,0.000000,-0.067389,0.947740,-0.311846,0.000000,0.997450,0.056636,-0.043422,0.000000,-11.248530,-21.015490,-0.046104,1.000000
-0.033793,-0.306521,-0.951264,0.000000,-0.072400,0.950058,-0.303560,0.000000,0.996803,0.058613,-0.054297,0.000000,-11.176300,-21.011610,-0.049364,1.000000
-0.045657,-0.297965,-0.953484,0.000000,-0.078037,0.952627,-0.293960,0.000000,0.995904,0.060986,-0.066746,0.000000,-11.102570,-21.008390,-0.053410,1.000000
-0.059092,-0.288317,-0.955710,0.000000,-0.084252,0.955407,-0.283016,0.000000,0.994691,0.063796,-0.080748,0.000000,-11.027420,-21.005740,-0.058260,1.000000
-0.074112,-0.277581,-0.957839,0.000000,-0.090988,0.958357,-0.270691,0.000000,0.993090,0.067090,-0.096282,0.000000,-10.950950,-21.003580,-0.063930,1.000000
-0.090729,-0.265765,-0.959759,0.000000,-0.098183,0.961426,-0.256945,0.000000,0.991024,0.070920,-0.113323,0.000000,-10.873240,-21.001810,-0.070436,1.000000
-0.108956,-0.252877,-0.961344,0.000000,-0.105769,0.964560,-0.241736,0.000000,0.988403,0.075342,-0.131841,0.000000,-10.794370,-21.000370,-0.077796,1.000000
-0.128804,-0.238930,-0.962456,0.000000,-0.113669,0.967701,-0.225020,0.000000,0.985134,0.080418,-0.151802,0.000000,-10.714430,-20.999150,-0.086026,1.000000
-0.150279,-0.223939,-0.962947,0.000000,-0.121796,0.970783,-0.206753,0.000000,0.981113,0.086212,-0.173163,0.000000,-10.633500,-20.998090,-0.095144,1.000000
-0.173382,-0.207927,-0.962655,0.000000,-0.130056,0.973733,-0.186895,0.000000,0.976230,0.092795,-0.195869,0.000000,-10.551680,-20.997100,-0.105165,1.000000
-0.198103,-0.190924,-0.961407,0.000000,-0.138343,0.976474,-0.165410,0.000000,0.970369,0.100236,-0.219856,0.000000,-10.469040,-20.996080,-0.116108,1.000000
-0.224425,-0.172970,-0.959018,0.000000,-0.146543,0.978920,-0.142267,0.000000,0.963410,0.108609,-0.245042,0.000000,-10.385670,-20.994970,-0.127988,1.000000
-0.252313,-0.154115,-0.955294,0.000000,-0.154529,0.980983,-0.117445,0.000000,0.955227,0.117988,-0.271330,0.000000,-10.301660,-20.993670,-0.140823,1.000000
-0.281718,-0.134422,-0.950035,0.000000,-0.162164,0.982565,-0.090937,0.000000,0.945694,0.128443,-0.298605,0.000000,-10.217100,-20.992100,-0.154629,1.000000
-0.312573,-0.113966,-0.943032,0.000000,-0.169302,0.983565,-0.062748,0.000000,0.934685,0.140044,-0.326730,0.000000,-10.132070,-20.990180,-0.169423,1.000000
-0.344787,-0.092840,-0.934079,0.000000,-0.175786,0.983878,-0.032903,0.000000,0.922075,0.152854,-0.355548,0.000000,-10.046650,-20.987820,-0.185222,1.000000
-0.378245,-0.071151,-0.922967,0.000000,-0.181454,0.983398,-0.001448,0.000000,0.907747,0.166929,-0.384877,0.000000,-9.960938,-20.984940,-0.202043,1.000000
-0.412810,-0.049026,-0.909497,0.000000,-0.186137,0.982017,0.031550,0.000000,0.891594,0.182315,-0.414512,0.000000,-9.875010,-20.981450,-0.219902,1.000000
-0.448314,-0.026606,-0.893480,0.000000,-0.189663,0.979629,0.065994,0.000000,0.873523,0.199046,-0.444228,0.000000,-9.788956,-20.977280,-0.238817,1.000000
-0.484562,-0.004050,-0.874747,0.000000,-0.191861,0.976132,0.101761,0.000000,0.853457,0.217139,-0.473774,0.000000,-9.702860,-20.972340,-0.258804,1.000000
-0.521333,0.018467,-0.853154,0.000000,-0.192565,0.971433,0.138697,0.000000,0.831343,0.236594,-0.502884,0.000000,-9.616810,-20.966540,-0.279880,1.000000
-0.558378,0.040757,-0.828585,0.000000,-0.191616,0.965448,0.176618,0.000000,0.807154,0.257390,-0.531275,0.000000,-9.530890,-20.959790,-0.302062,1.000000
-0.595427,0.062621,-0.800965,0.000000,-0.188873,0.958106,0.215312,0.000000,0.780893,0.279484,-0.558655,0.000000,-9.445187,-20.952030,-0.325367,1.000000
-0.632191,0.083853,-0.770262,0.000000,-0.184210,0.949356,0.254539,0.000000,0.752597,0.302807,-0.584727,0.000000,-9.359786,-20.943160,-0.349811,1.000000
-0.668364,0.104245,-0.736493,0.000000,-0.177525,0.939164,0.294035,0.000000,0.722339,0.327269,-0.609197,0.000000,-9.274773,-20.933090,-0.375412,1.000000
-0.703638,0.123591,-0.699728,0.000000,-0.168748,0.927519,0.333516,0.000000,0.690230,0.352752,-0.631781,0.000000,-9.190234,-20.921750,-0.402186,1.000000
-0.737702,0.141693,-0.660091,0.000000,-0.157838,0.914436,0.372685,0.000000,0.656417,0.379118,-0.652216,0.000000,-9.106256,-20.909060,-0.430150,1.000000
-0.770254,0.158366,-0.617761,0.000000,-0.144790,0.899954,0.411240,0.000000,0.621083,0.406205,-0.670264,0.000000,-9.022923,-20.894920,-0.459321,1.000000
-0.801013,0.173447,-0.572970,0.000000,-0.129639,0.884139,0.448878,0.000000,0.584442,0.433836,-0.685721,0.000000,-8.940320,-20.879250,-0.489715,1.000000
-0.829718,0.186795,-0.525999,0.000000,-0.112454,0.867081,0.485308,0.000000,0.546738,0.461820,-0.698427,0.000000,-8.858536,-20.861970,-0.521350,1.000000
-0.856146,0.198300,-0.477171,0.000000,-0.093344,0.848893,0.520257,0.000000,0.508234,0.489956,-0.708266,0.000000,-8.777655,-20.843000,-0.554242,1.000000
-0.880110,0.207882,-0.426840,0.000000,-0.072450,0.829709,0.553474,0.000000,0.469210,0.518042,-0.715174,0.000000,-8.697762,-20.822250,-0.588408,1.000000
-0.901469,0.215496,-0.375387,0.000000,-0.049944,0.809679,0.584744,0.000000,0.429953,0.545877,-0.719137,0.000000,-8.618943,-20.799630,-0.623865,1.000000
-0.920129,0.221133,-0.323206,0.000000,-0.026025,0.788965,0.613887,0.000000,0.390749,0.573267,-0.720195,0.000000,-8.541286,-20.775070,-0.660631,1.000000
-0.936047,0.224816,-0.270692,0.000000,-0.000908,0.767737,0.640764,0.000000,0.351875,0.600031,-0.718434,0.000000,-8.464874,-20.748480,-0.698720,1.000000
-0.949223,0.226604,-0.218234,0.000000,0.025176,0.746169,0.665280,0.000000,0.313594,0.626005,-0.713986,0.000000,-8.389795,-20.719780,-0.738151,1.000000
-0.959707,0.226580,-0.166204,0.000000,0.051991,0.724432,0.687383,0.000000,0.276151,0.651045,-0.707023,0.000000,-8.316133,-20.688880,-0.778940,1.000000
-0.967588,0.224857,-0.114950,0.000000,0.079299,0.702693,0.707060,0.000000,0.239761,0.675028,-0.697748,0.000000,-8.243976,-20.655700,-0.821104,1.000000
-0.972991,0.221565,-0.064785,0.000000,0.106870,0.681108,0.724342,0.000000,0.204614,0.697855,-0.686391,0.000000,-8.173408,-20.620150,-0.864660,1.000000
-0.976074,0.216852,-0.015988,0.000000,0.134482,0.659822,0.739290,0.000000,0.170866,0.719451,-0.673197,0.000000,-8.104515,-20.582160,-0.909625,1.000000
-0.977014,0.210878,0.031200,0.000000,0.161928,0.638966,0.751999,0.000000,0.138644,0.739766,-0.658426,0.000000,-8.037384,-20.541630,-0.956015,1.000000
-0.976011,0.203807,0.076580,0.000000,0.189019,0.618654,0.762587,0.000000,0.108043,0.758769,-0.642337,0.000000,-7.972099,-20.498480,-1.003848,1.000000
